Sujeito,Tentativa,Time,Event,Foot,Loc_heel_X,Loc_heel_Y,X_Beg,X_End,Loc_Toe_X,Loc_Toe_Y,FirstContact,FootFlat,LastContact,Step_length,Stride_length,Supp_base,Step_time,Stride_time,Swing_time,Stance_time,Supp_time_Single,Supp_time_Double,Stride_velocity,Xback,Xfront,Ybottom,Ytop,RealFoot,PassNo,ToeInOut,Yarray,StepWidth,StrideWidth,HeelOn,HeelOff,MidOn,MidOff,ToeOn,ToeOff,HeelOffOn,DsuppLoad,DsuppUnload,Ft_Length,Ft_Width
S_17,T_08,2025-05-13 08:47:04,1.0,0.0,349.9583,24.50027,568.0,2390.0,337.9117,24.57875,2.13,2.61,2.86,0.0,0.0,0.0,0.0,0.0,0.0,0.73,0.0,0.0,0.0,335.0,353.0,22.0,28.0,0.0,0.0,0.0,Binary Array,0.0,0.0,2.13,2.63,2.21,2.82,2.27,2.86,0.09,0.0,0.0,22.95,7.55
S_17,T_08,2025-05-13 08:47:04,2.0,1.0,305.9781,19.35756,1865.0,3765.0,293.8373,20.4425,2.72,2.98,3.41,55.855,0.0,7.817,0.59,0.0,0.0,0.69,0.42,0.27,0.0,291.0,309.0,17.0,23.0,0.0,0.0,-5.0,Binary Array,56.224,7.451,2.72,3.14,2.79,3.35,2.81,3.41,0.14,0.14,0.13,23.22,7.86
S_17,T_08,2025-05-13 08:47:04,3.0,0.0,263.0,26.52536,3202.0,5104.0,251.0,27.40954,3.28,3.56,3.98,54.582,110.467,7.882,0.56,1.15,0.42,0.7,0.44,0.26,96.058,248.0,266.0,25.0,30.0,0.0,0.0,3.0,Binary Array,55.227,7.901,3.28,3.74,3.34,3.96,3.36,3.98,0.11,0.13,0.13,22.92,6.35
S_17,T_08,2025-05-13 08:47:04,4.0,1.0,219.9817,21.2807,4503.0,6427.0,207.8671,21.90535,3.85,4.14,4.55,54.633,109.243,6.692,0.57,1.13,0.44,0.7,0.42,0.28,96.675,205.0,223.0,18.0,24.0,0.0,0.0,-4.0,Binary Array,55.13,6.597,3.85,4.28,3.92,4.5,3.95,4.55,0.12,0.13,0.15,23.11,7.85
S_17,T_08,2025-05-13 08:47:04,5.0,0.0,178.1738,26.57425,5847.0,7645.0,166.7316,26.65548,4.4,4.69,5.11,53.096,107.729,9.159,0.55,1.12,0.42,0.71,0.43,0.28,96.187,164.0,181.0,24.0,30.0,0.0,0.0,3.0,Binary Array,53.054,8.537,4.4,4.86,4.46,5.05,4.47,5.11,0.12,0.15,0.13,21.8,7.75
S_17,T_08,2025-05-13 08:47:04,6.0,1.0,135.8239,17.44357,7129.0,8936.0,123.7198,18.81854,4.98,5.28,5.64,53.784,106.991,9.098,0.58,1.13,0.43,0.66,0.4,0.26,94.682,121.0,139.0,15.0,21.0,0.0,0.0,-10.0,Binary Array,55.265,8.094,4.98,5.37,5.04,5.61,5.06,5.64,0.14,0.13,0.13,23.21,8.13
S_17,T_08,2025-05-13 08:47:04,7.0,0.0,92.00206,22.63989,8398.0,10354.0,79.9435,22.06777,5.51,5.82,6.24,55.654,109.552,9.674,0.53,1.11,0.4,0.73,0.44,0.29,98.695,77.0,95.0,20.0,26.0,0.0,0.0,1.0,Binary Array,55.883,8.804,5.51,5.98,5.59,6.17,5.64,6.24,0.1,0.13,0.16,23.0,7.83
S_17,T_08,2025-05-13 08:47:04,8.0,1.0,49.0,12.6009,9726.0,11576.0,37.0,12.87103,6.08,6.32,6.78,54.613,110.438,10.143,0.57,1.1,0.44,0.0,0.4,0.3,100.398,34.0,52.0,10.0,15.0,0.0,0.0,-5.0,Binary Array,55.926,9.877,6.08,6.54,6.15,6.73,6.18,6.78,0.0,0.16,0.14,22.87,6.35
S_17,T_08,2025-05-13 08:47:04,9.0,0.0,12.66667,18.53509,11092.0,12456.0,3.333333,19.51754,6.64,6.87,7.32,46.143,100.891,0.0,0.56,1.13,0.4,0.0,0.0,0.0,89.284,1.0,15.0,17.0,22.0,0.0,0.0,0.0,Binary Array,45.162,0.0,6.64,7.11,6.73,7.19,6.74,7.32,0.0,0.0,0.0,17.88,6.35
