Sujeito,Tentativa,Time,Event,Foot,Loc_heel_X,Loc_heel_Y,X_Beg,X_End,Loc_Toe_X,Loc_Toe_Y,FirstContact,FootFlat,LastContact,Step_length,Stride_length,Supp_base,Step_time,Stride_time,Swing_time,Stance_time,Supp_time_Single,Supp_time_Double,Stride_velocity,Xback,Xfront,Ybottom,Ytop,RealFoot,PassNo,ToeInOut,Yarray,StepWidth,StrideWidth,HeelOn,HeelOff,MidOn,MidOff,ToeOn,ToeOff,HeelOffOn,DsuppLoad,DsuppUnload,Ft_Length,Ft_Width
S_17,T_07,2025-05-13 08:46:44,1.0,0.0,349.9431,22.57384,544.0,2434.0,337.9177,22.23657,2.36,2.7,3.12,0.0,0.0,0.0,0.0,0.0,0.0,0.76,0.0,0.0,0.0,335.0,353.0,20.0,26.0,0.0,0.0,0.0,Binary Array,0.0,0.0,2.36,2.88,2.43,3.06,2.45,3.12,0.08,0.0,0.0,22.92,8.6
S_17,T_07,2025-05-13 08:46:44,2.0,1.0,309.9717,17.28757,1819.0,3831.0,297.8507,18.38018,2.96,3.34,3.72,50.764,0.0,7.4,0.6,0.0,0.0,0.76,0.43,0.33,0.0,295.0,313.0,15.0,21.0,0.0,0.0,-5.0,Binary Array,51.155,6.691,2.96,3.46,3.04,3.67,3.13,3.72,0.09,0.16,0.17,23.18,7.49
S_17,T_07,2025-05-13 08:46:44,3.0,0.0,269.0,23.65454,3210.0,5081.0,257.0,23.9809,3.55,3.87,4.28,52.034,102.807,9.817,0.59,1.19,0.43,0.73,0.41,0.32,86.392,254.0,272.0,22.0,27.0,0.0,0.0,3.0,Binary Array,52.51,9.087,3.55,4.06,3.63,4.23,3.7,4.28,0.07,0.17,0.15,22.87,6.35
S_17,T_07,2025-05-13 08:46:44,4.0,1.0,226.9803,14.56174,4508.0,6432.0,214.8139,16.34063,4.13,4.38,4.84,53.365,105.456,10.995,0.58,1.17,0.41,0.71,0.41,0.3,90.133,212.0,230.0,13.0,19.0,0.0,0.0,-10.0,Binary Array,54.516,9.976,4.13,4.59,4.21,4.78,4.26,4.84,0.1,0.15,0.15,23.42,7.45
S_17,T_07,2025-05-13 08:46:44,5.0,0.0,185.0,22.78322,5828.0,7754.0,173.0,22.81689,4.69,4.97,5.41,53.315,106.686,10.441,0.56,1.14,0.41,0.72,0.42,0.3,93.584,170.0,188.0,21.0,26.0,0.0,0.0,1.0,Binary Array,54.022,9.464,4.69,5.16,4.76,5.35,4.83,5.41,0.1,0.15,0.15,22.86,6.35
S_17,T_07,2025-05-13 08:46:44,6.0,1.0,142.9839,14.56216,7232.0,8967.0,130.7834,15.92551,5.26,5.52,5.96,53.36,106.675,9.833,0.57,1.13,0.42,0.7,0.41,0.29,94.403,128.0,146.0,12.0,18.0,0.0,0.0,-8.0,Binary Array,54.342,9.056,5.26,5.65,5.33,5.92,5.38,5.96,0.17,0.15,0.14,23.39,8.08
S_17,T_07,2025-05-13 08:46:44,7.0,0.0,100.0,21.82609,8433.0,10277.0,88.0,22.06038,5.82,6.05,6.56,54.59,107.957,8.99,0.56,1.13,0.41,0.74,0.44,0.3,95.537,85.0,103.0,20.0,25.0,0.0,0.0,1.0,Binary Array,55.123,8.274,5.82,6.32,5.89,6.5,5.92,6.56,0.08,0.14,0.16,22.86,6.35
S_17,T_07,2025-05-13 08:46:44,8.0,1.0,58.92435,14.93262,9700.0,11641.0,46.83699,16.27746,6.4,6.62,7.12,52.166,106.757,9.23,0.58,1.14,0.44,0.0,0.41,0.31,93.646,44.0,62.0,13.0,19.0,0.0,0.0,-7.0,Binary Array,52.838,8.506,6.4,6.85,6.47,7.05,6.49,7.12,0.0,0.16,0.15,23.17,7.32
S_17,T_07,2025-05-13 08:46:44,9.0,0.0,21.16667,22.57532,11081.0,12738.0,9.833333,22.6843,6.97,7.3,7.72,47.952,100.123,0.0,0.57,1.15,0.41,0.0,0.0,0.0,87.063,7.0,24.0,21.0,26.0,0.0,0.0,0.0,Binary Array,48.304,0.0,6.97,7.48,7.05,7.64,7.09,7.72,0.0,0.0,0.0,21.59,6.35
