Sujeito,Tentativa,Time,Event,Foot,Loc_heel_X,Loc_heel_Y,X_Beg,X_End,Loc_Toe_X,Loc_Toe_Y,FirstContact,FootFlat,LastContact,Step_length,Stride_length,Supp_base,Step_time,Stride_time,Swing_time,Stance_time,Supp_time_Single,Supp_time_Double,Stride_velocity,Xback,Xfront,Ybottom,Ytop,RealFoot,PassNo,ToeInOut,Yarray,StepWidth,StrideWidth,HeelOn,HeelOff,MidOn,MidOff,ToeOn,ToeOff,HeelOffOn,DsuppLoad,DsuppUnload,Ft_Length,Ft_Width
S_17,T_03,2025-05-13 08:45:23,1.0,0.0,353.0013,26.65065,347.0,2238.0,340.9081,26.43556,2.54,2.93,3.33,0.0,0.0,0.0,0.0,0.0,0.0,0.79,0.0,0.0,0.0,338.0,356.0,24.0,30.0,0.0,0.0,0.0,Binary Array,0.0,0.0,2.54,3.06,2.64,3.25,2.69,3.33,0.1,0.0,0.0,23.04,7.85
S_17,T_03,2025-05-13 08:45:23,2.0,1.0,312.9731,19.28436,1595.0,3617.0,300.8312,20.14953,3.16,3.46,3.89,50.836,0.0,8.209,0.62,0.0,0.0,0.73,0.41,0.32,0.0,298.0,316.0,16.0,23.0,0.0,0.0,-6.0,Binary Array,51.6,7.635,3.16,3.59,3.23,3.84,3.28,3.89,0.15,0.17,0.15,23.19,9.85
S_17,T_03,2025-05-13 08:45:23,3.0,0.0,271.2212,24.846,3030.0,4969.0,259.7139,24.93294,3.74,4.08,4.49,53.025,103.886,8.544,0.58,1.2,0.41,0.75,0.43,0.32,86.572,257.0,274.0,22.0,28.0,0.0,0.0,3.0,Binary Array,53.03,8.305,3.74,4.24,3.8,4.41,3.83,4.49,0.08,0.15,0.17,21.92,7.76
S_17,T_03,2025-05-13 08:45:23,4.0,1.0,231.9654,16.95312,4359.0,6235.0,219.8596,17.12274,4.32,4.6,5.06,49.855,102.922,7.497,0.58,1.16,0.43,0.74,0.43,0.31,88.726,217.0,235.0,14.0,20.0,0.0,0.0,-5.0,Binary Array,51.215,7.647,4.32,4.76,4.38,5.02,4.42,5.06,0.16,0.17,0.14,23.06,7.87
S_17,T_03,2025-05-13 08:45:23,5.0,0.0,188.0,20.86627,5681.0,7558.0,176.0,21.21412,4.92,5.24,5.65,55.836,105.812,6.604,0.6,1.18,0.43,0.73,0.43,0.3,89.671,173.0,191.0,19.0,24.0,0.0,0.0,3.0,Binary Array,56.0,6.377,4.92,5.4,5.0,5.58,5.06,5.65,0.09,0.14,0.16,22.87,6.35
S_17,T_03,2025-05-13 08:45:23,6.0,1.0,146.9814,14.37942,6967.0,8823.0,134.8842,15.74737,5.49,5.76,6.21,52.094,107.979,8.904,0.57,1.17,0.43,0.72,0.42,0.3,92.29,132.0,150.0,12.0,18.0,0.0,0.0,-7.0,Binary Array,52.705,8.199,5.49,5.92,5.57,6.16,5.62,6.21,0.15,0.16,0.14,23.19,8.05
S_17,T_03,2025-05-13 08:45:23,7.0,0.0,105.0,21.91535,8306.0,10271.0,93.0,22.1044,6.07,6.32,6.81,53.316,105.418,9.502,0.58,1.15,0.42,0.74,0.42,0.32,91.668,90.0,108.0,20.0,25.0,0.0,0.0,1.0,Binary Array,53.98,8.929,6.07,6.56,6.14,6.74,6.18,6.81,0.07,0.14,0.18,22.86,6.35
S_17,T_03,2025-05-13 08:45:23,8.0,1.0,64.99893,14.48719,9667.0,11679.0,52.90075,15.30896,6.63,6.95,7.39,50.801,104.118,8.593,0.56,1.14,0.42,0.0,0.43,0.33,91.332,50.0,68.0,11.0,17.0,0.0,0.0,-6.0,Binary Array,51.659,7.847,6.63,7.17,6.73,7.35,6.83,7.39,0.0,0.18,0.15,23.1,8.85
S_17,T_03,2025-05-13 08:45:23,9.0,0.0,25.00628,20.59137,11118.0,12756.0,12.96883,19.70732,7.24,7.56,7.98,50.791,101.606,0.0,0.61,1.17,0.43,0.0,0.0,0.0,86.843,10.0,28.0,18.0,24.0,0.0,0.0,0.0,Binary Array,51.188,0.0,7.24,7.75,7.31,7.92,7.37,7.98,0.0,0.0,0.0,22.99,8.72
